# STEREO Data for run titled "RUN3"
#
# Total Number of Trials: 547
# Solved Trials: 100, 34.01360544217687% (of attempted solves), 18.281535648994517% (total)
# Solver Fails: 194, 65.98639455782313% (of attempted solves), 35.46617915904936% (total)
# Timeout Fails: 0, 0.0% (of attempted solves), 0.0% (total)
# Low Star Counts (<4): 253, 46.252285191956126%
# Total Data Collection Time: 0.4892876878316666 hrs
# skip_header = 23
#
# Column Notes
# num: Data Index
# solved: 1 = Success, 0 = Fail, -1 = Undetermined (low star count or timed out)
# alt_error: Error in Altitude (from 45 deg)
# A4_index: Index used for ANITA4 data
# star_ct: Number of Stars in the field
# real_ra: Real RA of the center of the field in degrees
# real_dec: Real DEC of the center of the field in degrees
# ra: Result RA of the center of the field in degrees
# dec: Result DEC of the center of the field in degrees
# solve_time: Total time taken to solve (or fail) in seconds
#
# num     solved     alt_error     A4_index     star_ct     real_ra     real_dec     ra     dec     solve_time
1     0     -999     26918     4     202.74846368499308     3.449443379570043     -999     -999     4.547389849001775
2     0     -999     32514     4     155.52129420594184     -2.3291115404772356     -999     -999     4.111420872999588
3     1     0.0010711664408546635     11836     7     316.45450927653667     5.816175159926999     316.454595499445     5.81510716640212     3.81387130098301
4     0     -999     3529     5     259.5026896426739     9.089626308337749     -999     -999     8.125351194001269
5     0     -999     30519     4     344.184571770315     -4.422706316387934     -999     -999     5.611450316995615
6     -1     -999     23955     3     326.983023295796     2.136332387701191     -999     -999     -999
7     1     0.0005900283578429581     35707     7     67.75386439650163     0.2651603715987054     67.75425905687278     0.26455376186196145     4.141554380999878
8     1     8.8103544972218e-05     31954     10     118.10796916947807     2.876195928445051     118.10731087921629     2.8760742325047577     0.34644538900465705
9     -1     -999     13047     2     41.14244174299852     -3.4599544784558462     -999     -999     -999
10     -1     -999     35701     1     45.274906191116884     1.087148928321778     -999     -999     -999
11     1     4.6152832767937685e-05     31248     10     292.7055478390996     1.5797946490227546     292.70663634973783     1.5799195947498554     0.24556801101425663
12     1     7.232582192947805e-05     18730     6     292.17597572230045     -6.999330842938209     292.1768921703165     -6.999485845130858     3.841253059974406
13     -1     -999     11463     0     150.93486680052337     -5.226429532988002     -999     -999     -999
14     -1     -999     35270     1     349.40020489359387     -2.1533093509714276     -999     -999     -999
15     -1     -999     31866     0     241.6575115452009     -0.15457162640962793     -999     -999     -999
16     0     -999     17123     5     228.88076527626546     -0.43268625161067276     -999     -999     6.00341810498503
17     -1     -999     6744     3     309.6650410743928     4.850599136222634     -999     -999     -999
18     -1     -999     30841     1     190.21837612774004     1.116481659257566     -999     -999     -999
19     0     -999     23208     4     148.64121445553909     3.64157155303271     -999     -999     4.1283497479744256
20     -1     -999     32415     3     354.4858493689393     -0.033626025091781066     -999     -999     -999
21     1     0.00042170403753176075     28582     6     161.39946375863164     -1.2259227488872093     161.39707429736117     -1.2256523131868882     4.089250424003694
22     -1     -999     10237     2     291.9225912968181     6.306618105971375     -999     -999     -999
23     -1     -999     18901     3     155.0655629607058     7.176814215453673     -999     -999     -999
24     0     -999     8831     4     42.36281235088584     11.308425993559672     -999     -999     4.665809888014337
25     1     2.591230242684994e-05     19131     6     294.39689604926303     4.461946349458132     294.39705669863906     4.461952647186202     4.507174141006544
26     1     0.0005641525365564157     1762     9     79.42164782573296     -7.603115334790079     79.42151263653452     -7.603696909694729     4.10684396099532
27     1     0.0004621993380025228     12688     6     16.894373952578537     -9.202142511032601     16.89477796230263     -9.201686810420727     4.300368137017358
28     -1     -999     26904     3     205.83117360242701     3.7138265808803017     -999     -999     -999
29     0     -999     17928     5     72.83303169703959     -3.1455756948350135     -999     -999     6.3316193770151585
30     -1     -999     15562     2     5.284939130299107     -5.43028793447182     -999     -999     -999
31     0     -999     5039     5     76.72359613843335     -9.32266914450847     -999     -999     6.25770262198057
32     1     0.0005720414544562979     34939     7     18.61782186480006     -2.292595691094696     18.616202167250563     -2.292095802806243     4.294879526976729
33     1     0.000975866555863282     20136     8     280.26210295119097     -8.812320219973515     280.2625239048824     -8.813307255418891     4.0042993100069
34     0     -999     33139     4     32.29159608507943     2.5036055644980886     -999     -999     3.8092803939944133
35     -1     -999     6242     2     357.1332688732498     -9.418076517972224     -999     -999     -999
36     0     -999     17715     4     166.82356191140272     -1.246086864344039     -999     -999     3.971790856012376
37     -1     -999     25024     3     60.68918096076757     -0.5295381588855227     -999     -999     -999
38     0     -999     11722     5     250.58536327330913     0.9392713036994103     -999     -999     6.305004041001666
39     -1     -999     13087     0     26.25087419690492     0.06326300062719488     -999     -999     -999
40     -1     -999     4157     3     210.02344867392017     -9.43869717963342     -999     -999     -999
41     -1     -999     15894     3     156.4265487723275     4.849648844532535     -999     -999     -999
42     -1     -999     28792     1     168.6487837775384     -3.4806019301056805     -999     -999     -999
43     -1     -999     32448     2     305.4608133447921     2.8334158412292334     -999     -999     -999
44     -1     -999     34758     1     206.54504179016118     -0.9351262828626341     -999     -999     -999
45     0     -999     15411     4     59.572876210624266     5.847862091657409     -999     -999     4.325131852005143
46     -1     -999     27752     2     261.2777065068903     -3.0709928847880508     -999     -999     -999
47     0     -999     33470     12     84.19597129970418     0.7070102805637091     -999     -999     13.047710465005366
48     0     -999     5047     5     76.34257066023439     -9.534133189519228     -999     -999     5.8842323669814505
49     0     -999     34892     5     112.16344457835758     3.0554596550582076     -999     -999     4.9073907940182835
50     -1     -999     29848     3     326.8878673842843     1.6620656301096257     -999     -999     -999
51     -1     -999     33757     1     159.37539568413536     2.26746938408058     -999     -999     -999
52     0     -999     8464     6     86.2411098147266     -11.138794263334095     -999     -999     8.936003662995063
53     -1     -999     19030     3     137.1723195711311     1.810462614537246     -999     -999     -999
54     -1     -999     6166     1     189.16272795193453     4.083538775410084     -999     -999     -999
55     -1     -999     9933     2     9.340418575012626     -0.28290318506072387     -999     -999     -999
56     0     -999     14185     4     278.8763806448918     -0.01739355514389748     -999     -999     3.989392271003453
57     0     -999     36671     5     0.08558006068798645     -2.3783441796895533     -999     -999     6.878229779977119
58     -1     -999     18536     3     225.6004033648197     -4.694430358433499     -999     -999     -999
59     0     -999     34453     5     159.60575727359287     -3.048568755486899     -999     -999     6.407565845001955
60     -1     -999     25957     3     32.86845697406626     3.454045055646812     -999     -999     -999
61     0     -999     822     6     92.21870045751247     -2.5447697764982435     -999     -999     8.39902375402744
62     0     -999     12681     4     40.65017405387301     -8.729507866301931     -999     -999     4.11485465199803
63     0     -999     595     5     39.83319008497796     -1.9253708523433106     -999     -999     6.289921003015479
64     -1     -999     6331     1     39.052514582730566     -5.408625944766507     -999     -999     -999
65     1     0.00016346025536651362     19753     6     271.2735476387172     -3.0730860712866424     271.2742142186734     -3.0728331998678726     4.018754154007183
66     0     -999     25821     4     184.13686700853177     -3.800267497888859     -999     -999     3.8932350119866896
67     1     0.0007315651374971196     1313     9     103.95617232390127     10.063695764994     103.95590335452324     10.062968557823236     4.5051930180052295
68     0     -999     19658     5     41.84217779270507     6.196732744811848     -999     -999     5.885061509994557
69     -1     -999     9770     1     65.35446098589699     -10.779176262895174     -999     -999     -999
70     -1     -999     17521     2     158.37847210428998     4.156114310563048     -999     -999     -999
71     -1     -999     13826     0     115.99440879656999     7.9736464713461475     -999     -999     -999
72     1     0.0004936672211149004     10311     10     88.37656732393198     0.49886724916004493     88.37624615484081     0.4984203508767433     0.3170671119878534
73     1     0.0012450899941501697     26514     6     213.34978880241434     2.23956671754643     213.34977140926645     2.238319540080536     4.145772784017026
74     -1     -999     33987     2     306.3059002210103     2.8555542785222467     -999     -999     -999
75     -1     -999     26086     1     59.59325517127655     3.250922075444351     -999     -999     -999
76     1     0.0005779167542690703     30639     7     303.2913564286442     0.025184656187761095     303.2918378343571     0.024566265883040044     4.676563849003287
77     1     0.00047307125027716286     36737     6     20.69788084274731     -2.351489498608635     20.698980380296874     -2.351974327940114     4.187204385001678
78     -1     -999     33109     2     150.86875382226899     0.5961978420332168     -999     -999     -999
79     0     -999     8811     4     231.80448358598537     -10.018970621331983     -999     -999     4.145735352998599
80     0     -999     18302     7     106.46766505421697     4.63172281125573     -999     -999     23.50795051199384
81     -1     -999     4725     2     331.5000893924361     -11.162824462909665     -999     -999     -999
82     0     -999     6212     5     116.62241553059795     12.298040471349404     -999     -999     6.032007734989747
83     -1     -999     8961     0     32.91621661894069     10.911340510742173     -999     -999     -999
84     0     -999     17031     4     31.09045805530601     0.7254945685332677     -999     -999     4.236314669018611
85     0     -999     22586     5     107.13879602876362     -6.761573935471253     -999     -999     5.663980165001703
86     -1     -999     34259     3     230.45809703230492     -1.5960456342255247     -999     -999     -999
87     0     -999     28531     4     178.89860374111467     0.7462231003013099     -999     -999     4.4468305009941105
88     0     -999     35603     4     156.6595895689211     -2.3988612904940343     -999     -999     3.993549720995361
89     -1     -999     680     2     326.78507336648823     10.220201336617246     -999     -999     -999
90     0     -999     20067     4     343.870707665621     -3.058490273462845     -999     -999     4.439540318009676
91     -1     -999     4836     2     318.1765465775842     -8.267267939354571     -999     -999     -999
92     0     -999     5976     5     57.6070248078055     11.301543351532633     -999     -999     5.59651759499684
93     1     0.0006355982684213189     28497     9     74.57434982557429     -3.730709179244717     74.57444927629729     -3.7313441640189815     4.611116183019476
94     0     -999     2886     5     60.48271063031468     6.0736386406668545     -999     -999     8.67714417798561
95     0     -999     8102     5     56.877090162751465     -12.433395642306605     -999     -999     8.325868026993703
96     -1     -999     22082     2     139.94887789323454     5.432381351037126     -999     -999     -999
97     0     -999     31656     4     238.56254789320244     -2.5913054140934744     -999     -999     4.016127744020196
98     -1     -999     4321     2     195.82926386856866     -6.087102792231919     -999     -999     -999
99     -1     -999     29027     2     188.54842312960866     -3.7393691995430913     -999     -999     -999
100     0     -999     498     4     113.86499315982101     -10.525772472212914     -999     -999     4.247700973995961
101     -1     -999     18521     1     205.22250172933286     -2.333497622820135     -999     -999     -999
102     -1     -999     28503     3     187.02270590862463     1.665801891855623     -999     -999     -999
103     -1     -999     14870     2     147.90911801752844     -7.483399126751523     -999     -999     -999
104     1     0.0004901600930072982     36215     7     304.7747433862453     -1.6371265706173197     304.7756006894479     -1.637608298040489     4.215447820984991
105     0     -999     30389     4     247.19767806288309     1.0998183889686677     -999     -999     4.420893696980784
106     -1     -999     27776     3     349.96906577849427     -0.46543736892343246     -999     -999     -999
107     -1     -999     28836     3     51.949904186690404     0.3075442421983464     -999     -999     -999
108     -1     -999     18020     3     291.6059444505621     4.941948306533363     -999     -999     -999
109     -1     -999     25881     3     110.81929421413363     -2.39387360649291     -999     -999     -999
110     0     -999     4913     5     106.45393740010428     -0.16632695967009423     -999     -999     5.465409628988709
111     0     -999     28300     5     66.74489997957144     -2.8710105147808926     -999     -999     5.18029551699874
112     -1     -999     20340     3     250.5465685907768     -0.7680310279204776     -999     -999     -999
113     0     -999     9619     5     108.1992543081993     -0.9155488693739126     -999     -999     7.882203607994597
114     0     -999     24790     5     242.18283685619974     -3.551544951583686     -999     -999     5.325536149000982
115     -1     -999     9214     3     213.25268661397737     -1.981772626450209     -999     -999     -999
116     0     -999     1215     4     161.58638506003706     0.9470613449148217     -999     -999     3.9087309059977997
117     -1     -999     14487     3     252.42904673905034     7.241076666018652     -999     -999     -999
118     0     -999     7494     5     150.73148371842595     3.713389817407557     -999     -999     7.40403243698529
119     0     -999     1216     5     148.98559682273017     3.125835111748413     -999     -999     6.7085384909878485
120     0     -999     19181     5     106.36771371966589     -6.381774989590099     -999     -999     7.110260018002009
121     -1     -999     27258     3     324.6839460816457     4.186496090592196     -999     -999     -999
122     0     -999     23622     5     341.42600513128156     -5.378015635552799     -999     -999     6.584478500997648
123     1     0.0002585537968985477     33831     7     282.1310677912848     2.6268599610138144     282.13057274937944     2.6266264279641502     3.876895744004287
124     -1     -999     2466     3     203.07204866006217     -8.581103811083562     -999     -999     -999
125     0     -999     33495     4     319.27676515237704     -3.7236107353070294     -999     -999     4.157877577992622
126     0     -999     3826     4     226.34524670701134     0.7045252638446036     -999     -999     4.623554335994413
127     -1     -999     4696     3     52.889598319661076     -1.3953065985428772     -999     -999     -999
128     -1     -999     36854     3     161.3772538818911     0.4108440805333925     -999     -999     -999
129     -1     -999     30970     0     24.52582654094037     0.25943890419663035     -999     -999     -999
130     -1     -999     16033     3     52.808139242733155     -7.445507366039842     -999     -999     -999
131     1     0.0005684773475385215     11885     9     127.20415107199099     -3.0806108489797626     127.20399727271898     -3.081163738039589     3.8482595960085746
132     -1     -999     28111     2     159.46794460649693     4.151893460405975     -999     -999     -999
133     -1     -999     5083     3     323.14327656715835     -0.27051173519652344     -999     -999     -999
134     1     0.005583495756088239     4853     8     113.21411056014021     3.631576411302792     113.21963789398949     3.6269272535463495     3.8117820160114206
135     1     0.0003500485330861191     13204     6     276.82646686717334     5.79692734927562     276.8261726373938     5.79654229950462     3.943249375995947
136     -1     -999     3164     2     356.8472551077044     -9.039984645394114     -999     -999     -999
137     -1     -999     3330     3     359.012412879294     -8.602859670132876     -999     -999     -999
138     0     -999     28660     4     46.639827037686565     -1.8636935166171111     -999     -999     3.910925973992562
139     -1     -999     33001     2     67.81625997004711     3.494067590116175     -999     -999     -999
140     -1     -999     26368     3     346.3340608296555     -2.7716639548983393     -999     -999     -999
141     0     -999     1510     4     120.60574449988015     7.326970793461129     -999     -999     6.523445127008017
142     0     -999     32690     4     112.26597962142304     -2.7227776651673907     -999     -999     5.46953708701767
143     -1     -999     31465     3     260.4298200035019     -3.433753539235997     -999     -999     -999
144     -1     -999     13401     2     295.590366398507     2.5922459264201376     -999     -999     -999
145     -1     -999     24717     3     239.13006576392772     -4.17862116695515     -999     -999     -999
146     0     -999     29573     5     161.6063283806783     -3.7070121347622615     -999     -999     7.663904018991161
147     -1     -999     3696     3     23.367954688197663     -1.9710213411246114     -999     -999     -999
148     0     -999     21914     4     230.2692475156571     1.3565049845327117     -999     -999     4.222954509983538
149     -1     -999     34939     3     351.60408018148985     -3.209681083639035     -999     -999     -999
150     0     -999     25518     4     133.56036300273772     -3.2894519413882     -999     -999     4.37954995999462
151     1     0.0006627906362612097     27145     9     96.0115531588683     -4.072104161220881     96.01176979808713     -4.072772424029933     4.041803472995525
152     -1     -999     36038     2     184.82694848891745     -1.2927309640278484     -999     -999     -999
153     1     0.0007010494180193426     20954     6     193.81049948203932     -2.4218624407565272     193.80979277425382     -2.4226808532648008     4.005792150011985
154     -1     -999     27220     0     151.48248948685435     -3.984101516126233     -999     -999     -999
155     -1     -999     34380     2     248.58951659867853     -1.854901722631144     -999     -999     -999
156     -1     -999     14452     3     266.92430688711966     6.983296341665014     -999     -999     -999
157     1     0.0012868052425633832     12324     7     300.6291712519964     -8.912980407722944     300.6282514409892     -8.914263406684718     4.073054748994764
158     1     0.0005047134820463476     1713     7     321.23518038684796     -3.544034277189874     321.2354769759305     -3.544593080152294     4.025072087999433
159     -1     -999     16533     2     43.54479512796715     6.787287648951714     -999     -999     -999
160     -1     -999     10293     2     48.151606898651885     6.024206982148742     -999     -999     -999
161     0     -999     33849     4     245.47822679782368     3.82037953798848     -999     -999     4.05123448400991
162     0     -999     32381     6     287.12684878795454     2.971947643932961     -999     -999     9.228307331999531
163     -1     -999     34720     2     43.02188260908517     2.3090427102798783     -999     -999     -999
164     -1     -999     4746     2     163.9283226676423     11.166767311830426     -999     -999     -999
165     -1     -999     7956     3     305.5298177352336     -7.851760452953016     -999     -999     -999
166     -1     -999     33586     3     339.9490036622214     -4.026652429797511     -999     -999     -999
167     -1     -999     34313     0     151.0912720003998     -3.729793416581394     -999     -999     -999
168     -1     -999     13966     2     18.98329778117978     -4.947842299400259     -999     -999     -999
169     0     -999     33188     5     285.0506268708676     -3.57376410609908     -999     -999     6.728386536007747
170     -1     -999     13482     2     112.54197734218582     0.6131248292034444     -999     -999     -999
171     1     0.0004326262719955155     33423     8     119.8423489452436     3.3144655394053357     119.84209559233621     3.314888432804378     3.906489430984948
172     1     0.0004694332034398735     31338     8     90.76729952939175     1.4607113302297312     90.76728785929164     1.4602415151885693     4.019827306008665
173     0     -999     32756     6     28.104969513897093     2.7643277307917873     -999     -999     6.115551411989145
174     0     -999     5351     4     20.049701490222684     -0.2716432151061242     -999     -999     5.380616519978503
175     0     -999     30399     5     267.88230145211116     -0.4968613874031435     -999     -999     6.329399652982829
176     1     0.0002456125144283976     2990     8     105.23969045017748     8.282920123838645     105.23965231579317     8.28267145565538     3.936509937979281
177     1     0.0006893683705727387     26335     7     86.84131621254171     3.5861495849586933     86.84163719754844     3.585469003372424     3.86018204499851
178     -1     -999     22382     2     34.57503752460558     -4.998971566873525     -999     -999     -999
179     1     0.0011699368199686042     835     10     95.93028834947307     -2.6992354066803252     95.93031648586695     -2.7004260113810377     0.2516951799916569
180     0     -999     28157     5     343.9596443343823     -4.183882352244564     -999     -999     7.5082045040035155
181     0     -999     11799     5     142.12735512840254     -7.266199661386167     -999     -999     6.0453085789922625
182     -1     -999     24577     1     132.56913120056979     0.5513418307274153     -999     -999     -999
183     -1     -999     16342     3     353.03222482606526     7.056477613546013     -999     -999     -999
184     -1     -999     29699     2     179.28991544080557     -3.93081599566005     -999     -999     -999
185     1     0.00031677867427730053     5942     12     96.4352057653136     10.155965347721375     96.4352477994148     10.155642681369832     9.420042051991913
186     0     -999     6355     4     118.01192306083527     9.712396836628187     -999     -999     4.3954925229772925
187     -1     -999     34756     3     233.88424249690192     -2.2342572927404807     -999     -999     -999
188     -1     -999     28466     3     246.5212825586964     3.7186684195595427     -999     -999     -999
189     -1     -999     30692     2     234.03938077243683     4.340997584740655     -999     -999     -999
190     -1     -999     28305     3     92.75675956770286     -1.2728833010828546     -999     -999     -999
191     -1     -999     4038     3     53.26651603757863     5.708475571058015     -999     -999     -999
192     -1     -999     8098     1     163.5899110690356     9.059194140308959     -999     -999     -999
193     -1     -999     11810     2     354.13552615575765     8.446129451301779     -999     -999     -999
194     1     0.00016710575267858872     31204     26     82.72277693335548     -0.008957958219459028     82.722874680781     -0.008797786892342648     0.252112306014169
195     -1     -999     13482     1     322.2772711160245     3.5395769201573914     -999     -999     -999
196     0     -999     7895     5     127.4647964444831     10.680843188250513     -999     -999     7.579535119002685
197     -1     -999     17750     2     264.0467836293807     8.34241159129502     -999     -999     -999
198     -1     -999     30195     1     204.00453953034383     0.996219488086411     -999     -999     -999
199     0     -999     185     6     285.0652364737124     3.04746959224483     -999     -999     5.577112266997574
200     -1     -999     3629     2     28.841365572154984     -5.087673796507738     -999     -999     -999
201     -1     -999     10224     3     70.35211171225755     -0.029271747908481437     -999     -999     -999
202     0     -999     442     4     209.23872846671676     5.835050094790937     -999     -999     5.107109495002078
203     -1     -999     14959     1     233.18158321881282     -4.86124300169731     -999     -999     -999
204     -1     -999     28141     2     195.00584523453153     3.8218632712024934     -999     -999     -999
205     0     -999     31635     4     21.76684372477262     0.8546799206264456     -999     -999     4.1902950259973295
206     1     0.0001684216185550686     18945     6     308.8800550018954     -3.2869195826851265     308.88066466359334     -3.2868319502555696     4.194054758991115
207     -1     -999     25873     1     148.89651450741565     -4.1243056983904856     -999     -999     -999
208     -1     -999     36575     2     151.02593017688335     1.888470863433508     -999     -999     -999
209     1     0.0005281902080741629     31245     6     128.06801468054007     -2.6545717183763493     128.06799067000068     -2.6550994643654224     3.968405405001249
210     1     0.001285103372242931     27332     9     95.57470249758885     -2.0178222811359388     95.57499605553176     -2.019128216494776     4.2431198169942945
211     0     -999     34220     5     259.73364417218636     0.9016965947625107     -999     -999     5.787649865000276
212     1     0.001003053452347621     7240     9     101.49438561415904     0.6533511107724093     101.49396983288459     0.6524142471924076     4.021116168994922
213     -1     -999     5136     3     34.22727381506651     -9.876433396490993     -999     -999     -999
214     0     -999     5949     5     39.05138930365911     10.282363735647122     -999     -999     6.286684663995402
215     0     -999     6067     4     197.8521522066765     -2.600416685815733     -999     -999     4.217366463999497
216     1     0.0005969104336533223     20889     7     295.5086450275686     8.708282712718516     295.51091274573525     8.707627618399632     4.003160716005368
217     0     -999     12831     4     216.69351091766745     8.684087633407493     -999     -999     3.965586529986467
218     0     -999     14247     5     174.34441374735587     7.202367620536327     -999     -999     5.970796968002105
219     0     -999     31614     5     127.01734599062404     3.0730618013255295     -999     -999     4.884071896987734
220     0     -999     1337     5     244.4651194971514     -7.945478995436437     -999     -999     5.894559687003493
221     -1     -999     31812     3     23.171548003772592     -1.6234617602852366     -999     -999     -999
222     -1     -999     6205     3     228.09964498252847     -2.5118407458445247     -999     -999     -999
223     -1     -999     19816     3     338.15450982123645     4.280595640958409     -999     -999     -999
224     1     0.0002544857650852618     7919     9     283.9489552354462     -5.238537119070111     283.9491813916569     -5.23884771135446     4.13893351299339
225     -1     -999     8535     2     163.2156073216439     -10.869061715378926     -999     -999     -999
226     -1     -999     27763     2     50.3261488701533     2.520769211739285     -999     -999     -999
227     1     0.0014134891883698455     8403     6     52.06270699403749     -8.417358436613302     52.05920103230885     -8.418201866016938     4.114589781005634
228     -1     -999     35596     1     51.11872492801881     -0.19274883099638823     -999     -999     -999
229     -1     -999     22720     3     33.15471223590643     3.513480533547204     -999     -999     -999
230     -1     -999     17043     3     285.537838140828     -9.083772486019516     -999     -999     -999
231     0     -999     32069     4     128.44941408862528     2.250229302338068     -999     -999     5.639318297005957
232     -1     -999     16085     2     156.8433563598424     -1.7635018290923294     -999     -999     -999
233     0     -999     5205     4     69.82844995337813     -10.837439335398745     -999     -999     4.75170101999538
234     1     0.0004011368214273429     34401     6     104.47095586963373     -0.3353044543368579     104.47239976145283     -0.33580875973595703     4.121657547017094
235     -1     -999     21723     3     202.31736744000895     -1.1291885195896307     -999     -999     -999
236     1     2.278961535520525e-06     4140     8     102.05130124204884     2.3002609876948616     102.05148596884125     2.3002337561255723     4.045338410011027
237     0     -999     24584     5     196.16906359388614     -3.7632253175107255     -999     -999     5.480529061023844
238     0     -999     8791     4     150.85777819048198     -9.132525767116677     -999     -999     4.365827128989622
239     -1     -999     31540     3     40.91908246185092     3.179349888684073     -999     -999     -999
240     -1     -999     26162     2     220.30837367288012     -3.1731416015533656     -999     -999     -999
241     -1     -999     23691     2     15.579518921508004     -5.573049907528602     -999     -999     -999
242     -1     -999     26515     3     217.5342603664782     1.9480612517657092     -999     -999     -999
243     1     0.0003309359633465409     19362     7     135.62786896868062     -7.045244601162589     135.62607904597556     -7.045013935398219     4.3441380849981215
244     -1     -999     8593     3     172.59654397887795     -11.332784343529783     -999     -999     -999
245     0     -999     23548     4     121.87380249379206     4.040304606941993     -999     -999     4.121835853991797
246     1     0.00010151316182921427     1796     6     255.35771427761384     8.553599277329283     255.35733410225203     8.553526892916123     4.301397450995864
247     -1     -999     5496     2     35.003997173620434     3.0749973043570655     -999     -999     -999
248     -1     -999     31154     3     244.5107027764815     -0.563403289306589     -999     -999     -999
249     1     0.0009238538658933279     10736     8     279.7195253021809     -9.429770123009249     279.72018042631464     -9.430712313839255     5.652781058975961
250     -1     -999     18342     2     148.51916145818592     -0.07081830612899487     -999     -999     -999
251     -1     -999     35392     3     299.23397867972966     1.7396224566206366     -999     -999     -999
252     -1     -999     3342     2     183.71891138717055     8.717573177166438     -999     -999     -999
253     1     0.0003261409816143715     32099     6     107.85079848831825     0.5007929866144571     107.85083952193963     0.5004688826106901     4.03631577998749
254     0     -999     27508     13     83.46656324445281     1.519661459158047     -999     -999     18.821502005012007
255     0     -999     11472     4     336.8584098131616     4.643058232258387     -999     -999     4.310222166997846
256     -1     -999     36635     2     154.4749666716272     1.7999094667271123     -999     -999     -999
257     0     -999     30014     5     164.49443251658937     0.03062743402834322     -999     -999     6.076921605999814
258     0     -999     7749     4     112.0794118987562     12.479735462070918     -999     -999     4.45349564802018
259     1     0.00014605744167472053     9699     6     112.83763740304951     -3.784409880023916     112.83758928116842     -3.7845668091368028     4.192764439998427
260     -1     -999     12430     0     115.44371639349238     7.970691899788205     -999     -999     -999
261     -1     -999     4358     3     10.45546985883704     4.014787515261279     -999     -999     -999
262     0     -999     7811     5     299.5310842098764     -12.005575432436357     -999     -999     5.574800271017011
263     -1     -999     12210     2     234.42253045516622     -6.742612061745195     -999     -999     -999
264     1     0.007134174389981275     11247     7     54.76116549346859     -9.46302278310484     54.757834624591716     -9.455967771452457     3.9177398339961655
265     -1     -999     30095     2     197.6527225886377     -0.4486494916606196     -999     -999     -999
266     0     -999     18720     4     41.62430068919334     -2.288213485321939     -999     -999     4.341398242017021
267     0     -999     13576     5     260.1863512832163     -6.9394061307711565     -999     -999     7.833611451002071
268     -1     -999     23279     2     254.07386059498634     -4.751205309799092     -999     -999     -999
269     -1     -999     19443     1     46.51487514641357     -0.7380583884561425     -999     -999     -999
270     -1     -999     6000     3     325.0370209268164     -5.067724772269763     -999     -999     -999
271     0     -999     16621     5     55.17935132291788     7.348845960403462     -999     -999     9.916010732995346
272     -1     -999     21652     1     160.1834469290956     2.5445426841247385     -999     -999     -999
273     -1     -999     2418     2     341.6802000794093     8.001215095439075     -999     -999     -999
274     -1     -999     19776     3     116.91795596840375     0.18782597080826718     -999     -999     -999
275     1     0.000659436493597119     20315     8     94.47013842793429     5.24266890523847     94.46892307860121     5.243172522844712     3.8138425890065264
276     1     0.00019261938739750204     11088     9     134.0868024349364     5.67486199163211     134.08615769772797     5.67457927903503     4.026844513020478
277     0     -999     5928     4     301.15412833882766     -6.225989945548072     -999     -999     3.7812110140221193
278     0     -999     33230     4     71.73113215047812     3.1060442592423265     -999     -999     4.0110380859987345
279     0     -999     27250     5     74.87139826695909     -1.8980615795176667     -999     -999     5.601222122000763
280     -1     -999     26869     3     209.44271829157066     4.090709547781415     -999     -999     -999
281     -1     -999     35148     2     160.84070094966953     3.0871179003894818     -999     -999     -999
282     -1     -999     15702     0     196.26264726491345     7.286369834897101     -999     -999     -999
283     -1     -999     35323     2     217.8151023195939     2.94502788224175     -999     -999     -999
284     -1     -999     3799     1     8.66291809885101     4.199177903255282     -999     -999     -999
285     -1     -999     26726     2     186.22226757752625     4.649074660647777     -999     -999     -999
286     0     -999     2218     4     321.01661857305805     9.16540926104702     -999     -999     5.409920353005873
287     0     -999     31078     5     131.51574293567614     -3.911114655015766     -999     -999     6.502562363981269
288     1     0.0012647249319185775     18685     6     213.4727428016502     2.4317008601679246     213.4732973802759     2.4303418053210026     4.310884429025464
289     1     0.0004108735071741924     5842     11     62.66657703605287     10.753559649267135     62.66694881216082     10.753122981687865     0.2436897650186438
290     -1     -999     316     2     197.54066639961007     8.241701392062236     -999     -999     -999
291     0     -999     29383     4     44.42075162228737     -2.451092493768744     -999     -999     4.155299858015496
292     0     -999     36430     4     149.1127489778032     2.1012359783811645     -999     -999     4.483202489005635
293     0     -999     31810     4     148.741036105354     3.651697290270704     -999     -999     4.123842564004008
294     0     -999     25538     5     210.93490570718456     2.431558100177508     -999     -999     5.325316061993362
295     0     -999     33506     5     72.66754957297647     -0.6909072902639817     -999     -999     6.6674999550159555
296     -1     -999     24506     3     183.18437268064977     -4.087994304761431     -999     -999     -999
297     0     -999     23057     5     85.67155793163435     5.25389775138423     -999     -999     7.168443120986922
298     0     -999     19667     4     108.45027244116457     -1.9172146628422446     -999     -999     4.156921181973303
299     0     -999     9572     6     264.16183868044874     3.4440327515841602     -999     -999     6.532886506000068
300     1     0.007940028186351826     2033     7     61.965688345140435     -7.403852273515529     61.95898423614929     -7.411166956245982     4.2852034120005555
301     -1     -999     12021     3     136.8119064286025     0.5197270947173619     -999     -999     -999
302     0     -999     36702     4     44.19700078747082     -2.4774442347708527     -999     -999     4.223252136987867
303     -1     -999     9051     3     252.9398011972137     -11.217884361693903     -999     -999     -999
304     0     -999     14325     4     137.29003920751768     0.9919569723944555     -999     -999     4.325478237995412
305     -1     -999     31144     3     183.4715719805188     -3.8654888581174296     -999     -999     -999
306     -1     -999     2298     1     180.00566307191502     -8.40965592615052     -999     -999     -999
307     -1     -999     16558     3     273.6164037132873     -0.9263928871669086     -999     -999     -999
308     0     -999     18214     4     140.551965417964     -3.291694504996393     -999     -999     4.3587888230104
309     0     -999     4917     5     351.82883697087465     -10.18319940058906     -999     -999     5.030328767985338
310     0     -999     12889     5     285.1992096385055     7.1886211970438545     -999     -999     5.895157807011856
311     0     -999     7444     8     65.91872019226788     12.35390224963741     -999     -999     15.390438936010469
312     1     0.00035009016196690067     23999     6     111.04449584839396     -4.936427166476271     111.04417160899739     -4.9367876124905585     5.140005199005827
313     -1     -999     18630     3     78.6098216683985     5.839446547643422     -999     -999     -999
314     -1     -999     7717     1     166.3859924387525     10.573812143839172     -999     -999     -999
315     0     -999     14122     5     135.84676390744724     6.503728350058534     -999     -999     6.162808201013831
316     0     -999     29559     5     89.95103505970168     -2.365574477999904     -999     -999     5.989571613987209
317     -1     -999     29696     3     352.55560797797983     3.912841592194872     -999     -999     -999
318     -1     -999     6636     3     177.6277044673256     9.610220933913718     -999     -999     -999
319     -1     -999     29101     2     0.08940315609892861     3.1125970747856946     -999     -999     -999
320     -1     -999     9997     1     170.70475711571015     -5.743887861058381     -999     -999     -999
321     0     -999     24253     4     322.88988165209474     5.0130613983752195     -999     -999     4.01269145598053
322     -1     -999     21755     2     303.92316228121257     -7.526232526078252     -999     -999     -999
323     0     -999     2292     5     103.09338232183288     -5.494064992748724     -999     -999     6.108072016999358
324     1     1.6159321426145424e-05     35873     7     73.54319980748431     1.3521672699286373     73.54301029392734     1.3521896389027195     4.408114977995865
325     0     -999     8268     4     355.01450222749924     -3.4745895686367563     -999     -999     5.051906225999119
326     1     0.00042163568521071224     36899     7     287.7910071163812     1.3555777806968616     287.7909667697269     1.3551568269496257     4.55398925600457
327     0     -999     36006     5     109.12477638837072     1.078686162907316     -999     -999     6.560495034995256
328     1     2.138194816206566e-06     17218     10     77.09475711048981     1.7776140462242667     77.09445293797329     1.7775660143486927     0.34328652601107024
329     0     -999     20583     5     322.6321686373099     -3.883088396420715     -999     -999     5.386116095993202
330     -1     -999     24631     3     348.5756582338619     1.2591435909149837     -999     -999     -999
331     -1     -999     3370     3     138.0205552574332     2.899484826941588     -999     -999     -999
332     0     -999     16877     5     333.0931172297808     -2.7947467975994416     -999     -999     6.92819284601137
333     -1     -999     23028     0     5.041013977366341     4.3349103322718445     -999     -999     -999
334     1     0.0006736431480810148     20839     6     313.7895724922726     6.761646944068727     313.79011508361793     6.760919037596101     3.833980933006387
335     0     -999     1567     5     271.61743493082724     -0.6964585799845078     -999     -999     6.8614368950075
336     -1     -999     31285     3     65.0392616903817     2.508398052490416     -999     -999     -999
337     -1     -999     23670     3     208.99942414174092     5.518276084138855     -999     -999     -999
338     -1     -999     11531     3     190.58575282352132     -1.3533374120054442     -999     -999     -999
339     -1     -999     32402     3     325.9033353783179     1.4314129503949566     -999     -999     -999
340     0     -999     10023     4     199.9208476016501     -1.4433973205266308     -999     -999     4.493118012003833
341     -1     -999     17637     0     194.8552135697464     5.446275840257057     -999     -999     -999
342     -1     -999     22956     2     114.73096000212132     0.48380727296563736     -999     -999     -999
343     1     0.0009844499362115873     32614     14     87.43204492427512     -2.3125691142915263     87.43242748782403     -2.3135709990140727     0.35203092999290675
344     -1     -999     11239     2     157.4175772609054     3.7841755900206775     -999     -999     -999
345     0     -999     24897     6     127.60768246395521     5.106193634111089     -999     -999     5.407510130025912
346     1     0.0005997086859292405     10170     8     276.9681945647811     6.64376051799583     276.9681969008704     6.643154974315326     4.256034940975951
347     -1     -999     14200     3     168.63939310614526     7.613102084745784     -999     -999     -999
348     0     -999     36358     4     2.5461491645014855     -1.7221160716287551     -999     -999     4.189926331979223
349     -1     -999     19469     3     328.1790650926481     7.585160377382216     -999     -999     -999
350     1     0.00033954476731874804     14220     8     99.92702793216756     -0.8254996051441948     99.92720584080728     -0.8258171543048365     4.0481030700029805
351     -1     -999     35139     3     174.47419688716806     3.559677502204391     -999     -999     -999
352     0     -999     4768     4     190.05263440493908     10.116052822722455     -999     -999     4.185457132989541
353     -1     -999     31525     3     180.52901143978278     -1.396650451233648     -999     -999     -999
354     -1     -999     14674     1     177.8850104982719     -4.490829427659029     -999     -999     -999
355     1     0.0007900377628215076     20664     6     104.46425263261821     -4.860228723527823     104.46311043392546     -4.859574354445921     4.04501739499392
356     -1     -999     32978     1     151.12060283808415     -1.592946074275401     -999     -999     -999
357     -1     -999     31976     1     166.85516161594822     4.122633020417323     -999     -999     -999
358     0     -999     23009     4     285.99932746930887     -2.8013835000471516     -999     -999     4.241092454001773
359     1     0.0005194744478747943     1331     8     104.66885869818685     10.150735270674016     104.66859589656889     10.150217758845749     4.431856254988816
360     1     0.0027636416728196787     29619     10     271.42271615953536     1.5254289272821038     271.42357886859696     1.5227130436807843     0.3981978849915322
361     -1     -999     30804     3     251.15112280756335     4.039702127124736     -999     -999     -999
362     -1     -999     485     2     218.44721696360693     5.826864118655268     -999     -999     -999
363     0     -999     34590     4     142.6019930756175     -0.18211411943146938     -999     -999     4.759270548995119
364     1     0.0005462154664312822     17049     8     102.76545379899365     8.921436947135504     102.76522853156733     8.920879018898505     4.071093751990702
365     -1     -999     18635     3     29.321813357019668     -1.272291547104416     -999     -999     -999
366     -1     -999     33547     3     208.79431555198175     3.8935667411338772     -999     -999     -999
367     0     -999     36802     6     72.37831009364102     -1.9282604531722374     -999     -999     10.443302989006042
368     1     0.002161905207090998     12119     7     37.995966840708896     7.212607885168367     37.99969059113036     7.215101622478557     3.9357932100247126
369     0     -999     22586     4     144.4027716774273     -6.595795927561703     -999     -999     4.253893078013789
370     -1     -999     19766     1     226.97605375621734     -7.617891521620583     -999     -999     -999
371     0     -999     16102     4     259.01591964853117     7.694573427483192     -999     -999     4.161399485019501
372     -1     -999     5421     1     226.80787512164412     2.249727370853596     -999     -999     -999
373     0     -999     15757     5     71.66518847642527     -2.9259199345197953     -999     -999     5.6643051549908705
374     0     -999     36026     4     255.89560434504233     -1.9726283067543453     -999     -999     4.424291475996142
375     -1     -999     24609     1     9.116518931947335     3.0669033618489925     -999     -999     -999
376     -1     -999     35727     2     238.67441361083712     -0.8178239741554012     -999     -999     -999
377     1     0.0022159036104116197     30606     7     273.49957775605907     1.8742900245224663     273.50312023714946     1.8717998782199956     4.502486309007509
378     1     0.0003821003304412454     515     9     88.91297013989102     -10.543525448189456     88.913184032157     -10.543152378261127     4.038865773996804
379     0     -999     25112     4     268.4681569209996     -0.6798719655430177     -999     -999     4.056833937996998
380     -1     -999     20755     1     135.2455173668182     -4.0060581368924275     -999     -999     -999
381     -1     -999     10560     1     301.6701446208448     -5.2263974386381395     -999     -999     -999
382     0     -999     16456     4     318.43718156212805     7.576351773204908     -999     -999     4.399390193982981
383     0     -999     20942     4     58.908465521301636     -4.85178111894629     -999     -999     3.9215187520021573
384     -1     -999     37216     1     137.17338184516922     -1.2973131191718936     -999     -999     -999
385     0     -999     13981     4     211.14582084727027     3.8479255626160906     -999     -999     4.1708818069892
386     1     0.00021650877369096407     14948     6     204.67252847306622     -6.924089989679052     204.67211209051897     -6.923895499172707     4.092494835989783
387     0     -999     15377     4     19.336125897689982     1.8519980378226182     -999     -999     4.353511271008756
388     1     0.0003825462303022015     14719     7     142.92460579654107     -7.721649835313521     142.92364529279052     -7.722056422803384     4.157988698018016
389     -1     -999     22924     1     197.68647353235926     -6.422543668397467     -999     -999     -999
390     -1     -999     18166     3     298.01233738092935     1.5717684445422502     -999     -999     -999
391     -1     -999     1     3     61.29172112581378     -3.8160797608093766     -999     -999     -999
392     -1     -999     30031     2     51.5077443500443     3.0098240464353894     -999     -999     -999
393     0     -999     31378     5     140.60751495232535     -1.5484150088994306     -999     -999     6.252749340987066
394     0     -999     25664     4     211.9470601582452     0.3284799111136832     -999     -999     4.68591531299171
395     0     -999     22762     5     319.362955770627     6.482879391658229     -999     -999     5.955071484000655
396     -1     -999     20494     3     296.8666461350537     -2.9305309094309218     -999     -999     -999
397     -1     -999     24009     1     27.212325370987134     -2.136631106784542     -999     -999     -999
398     -1     -999     15944     3     165.8284452794091     4.645784301528336     -999     -999     -999
399     0     -999     23262     4     225.09877331788093     -2.748497345718972     -999     -999     4.009015595976962
400     -1     -999     26244     3     8.394529957223522     0.7184939429170928     -999     -999     -999
401     0     -999     34345     4     348.50415677489957     3.9964264984955005     -999     -999     4.627673987008166
402     -1     -999     22116     2     62.12009480075664     -4.983782204556579     -999     -999     -999
403     -1     -999     27996     3     262.0463455250091     -1.896585888727458     -999     -999     -999
404     0     -999     3652     6     78.11309626987479     -8.946346717235967     -999     -999     11.324940122984117
405     0     -999     32150     4     208.49498243978027     3.8877893169783073     -999     -999     4.2776412179809995
406     0     -999     10292     5     59.83335261250082     4.343805087865497     -999     -999     7.147529750014655
407     -1     -999     34841     3     323.1241559062359     -3.1281303428697647     -999     -999     -999
408     -1     -999     35563     2     146.38103277994335     -2.4035969973480866     -999     -999     -999
409     0     -999     18683     4     276.55180879925723     -6.374688711392166     -999     -999     4.471969727019314
410     1     0.000798153850478236     24106     7     274.287730866531     5.079575789700285     274.2876537830076     5.078774720733493     3.9191855319950264
411     -1     -999     25684     1     3.319438049773656     2.289076695422454     -999     -999     -999
412     -1     -999     15050     3     338.7519797625095     5.408309834121495     -999     -999     -999
413     -1     -999     23081     2     125.30106732620902     2.883686335113986     -999     -999     -999
414     1     0.0002772592286550726     19727     8     288.5933529589797     0.10963916605337991     288.59328198322976     0.10934904993441895     4.193962413992267
415     -1     -999     6901     0     42.445291126243454     -6.350667198764724     -999     -999     -999
416     1     0.0009930658498176182     24130     7     126.30557031222497     -5.354517596770205     126.30471861174031     -5.355520322560093     4.097240873001283
417     -1     -999     14219     3     59.95568940046635     -5.8645600310201935     -999     -999     -999
418     0     -999     37109     4     121.403193779428     -1.257826418490022     -999     -999     4.522255581978243
419     0     -999     17593     4     41.76763262225969     -8.608631096017856     -999     -999     4.327045859012287
420     1     0.002829155315037472     22218     8     77.15133039988805     -5.36010662094221     77.15270952566127     -5.362834553637004     3.9334267810045276
421     -1     -999     16192     3     263.29173570008857     7.403341972275092     -999     -999     -999
422     0     -999     5140     4     107.02549642762854     -8.069843497019281     -999     -999     4.512740420002956
423     0     -999     35379     5     129.462159863808     -1.174260688620859     -999     -999     6.673947193979984
424     -1     -999     1155     3     32.09132610495745     8.372557674385753     -999     -999     -999
425     -1     -999     34162     1     23.592811253088676     1.7729088887903912     -999     -999     -999
426     0     -999     10958     4     1.801580606035923     -9.332004431787443     -999     -999     4.12311601699912
427     -1     -999     12708     3     185.1668266326646     8.577483539049213     -999     -999     -999
428     0     -999     14208     5     109.38369265585798     0.8817061557262894     -999     -999     5.994302998995408
429     0     -999     33116     4     105.7996631508665     3.038399075259908     -999     -999     6.453656458994374
430     0     -999     589     5     98.42607421178234     -10.090015881427355     -999     -999     6.001075606007362
431     -1     -999     17000     3     204.4243227743849     -0.7128726556040956     -999     -999     -999
432     -1     -999     29223     1     134.8175636789584     -0.581907269639362     -999     -999     -999
433     -1     -999     21007     1     264.61166715765086     6.6350446953316276     -999     -999     -999
434     -1     -999     3426     3     161.58987508782883     4.569596162404634     -999     -999     -999
435     -1     -999     27467     2     12.934110467643443     3.819695325800594     -999     -999     -999
436     1     0.0005455034208588026     28782     7     70.4566992938807     -1.788633730051617     70.4574262409048     -1.7892271956665522     4.082267833000515
437     1     0.005174783406469942     21183     6     39.9777448918781     5.158032423351633     39.98453938608831     5.162366325984671     4.057927086018026
438     1     0.0008202947056276249     24384     6     195.87890895707514     -4.80684631660929     195.8783426988474     -4.807677725362     4.050447193003492
439     -1     -999     23258     1     13.2976763576048     -0.4042247565746567     -999     -999     -999
440     0     -999     23850     4     205.8645416771459     4.593318037977655     -999     -999     4.177628287987318
441     -1     -999     5575     3     192.7007649627884     -9.05292542788737     -999     -999     -999
442     -1     -999     15011     2     311.29696131174614     3.3959081284999084     -999     -999     -999
443     1     0.00012321968938774447     36865     21     84.13081413652296     -1.7003742821865628     84.1307079687848     -1.700252371253039     0.2671161009930074
444     0     -999     25165     10     97.25461366270491     0.5756514858841199     -999     -999     21.267277184990235
445     -1     -999     5291     3     198.2553942148632     2.4796958373163913     -999     -999     -999
446     -1     -999     5142     2     178.46706604837956     4.760900031928233     -999     -999     -999
447     -1     -999     17405     2     354.10500397705323     -8.608134094351751     -999     -999     -999
448     -1     -999     9509     2     299.0119205368868     -6.158222964844281     -999     -999     -999
449     0     -999     31315     4     262.89624038997044     -1.6841932616126578     -999     -999     4.260738776996732
450     -1     -999     18509     1     193.55605833312558     -0.9811080508855314     -999     -999     -999
451     1     0.006132436121471988     21973     6     113.75116228002801     4.96057114988901     113.75039875799199     4.9543253513257515     4.106920743972296
452     -1     -999     16900     1     260.46530679539217     -8.819596122498199     -999     -999     -999
453     1     0.0008124977365966951     4559     6     147.83051198507135     9.722970890593125     147.82931302227834     9.722252821902728     4.2224350520118605
454     -1     -999     33655     2     160.6904313707031     3.6134626403590078     -999     -999     -999
455     1     0.0004935542942232688     18481     7     314.6895459752508     -6.43192900294716     314.6898408747998     -6.432393931640805     4.5547169019992
456     0     -999     21937     5     42.94521492241498     -3.0111768217687436     -999     -999     6.128592262975872
457     0     -999     8195     5     74.47174194051468     -12.585716960094656     -999     -999     5.349747700995067
458     -1     -999     13413     3     283.4751989081979     0.4191117519037681     -999     -999     -999
459     0     -999     20711     5     331.9070110858109     -0.08413246768221264     -999     -999     6.836223268008325
460     0     -999     11839     4     234.85285563996237     -5.27625593979651     -999     -999     4.463311777013587
461     1     0.0001052374600042997     30751     8     264.39324526562575     3.8361792893676845     264.39260473294485     3.836303792103046     4.604163260984933
462     0     -999     5925     5     113.48058759281976     7.376317893042271     -999     -999     6.132059970987029
463     -1     -999     3552     2     160.094762104186     0.08819700703203298     -999     -999     -999
464     -1     -999     12932     1     185.56918448118904     2.4704163566117265     -999     -999     -999
465     1     0.0007790031164742574     11957     6     118.20809970798472     0.9251159193024854     118.2072538861297     0.9260267771821257     4.556713042984484
466     1     0.001946980177474339     36962     9     272.87887847517396     1.5240601244828653     272.88066413957415     1.522109370273021     4.032713929977035
467     -1     -999     32873     2     205.7602803613105     -3.7419524906909305     -999     -999     -999
468     0     -999     25769     5     233.98181183498227     0.2146335624517801     -999     -999     6.755403335992014
469     0     -999     28     5     52.32677682396163     -6.515640311412138     -999     -999     6.596374051994644
470     -1     -999     28061     2     5.857645187289177     -3.4469242320206908     -999     -999     -999
471     0     -999     10833     4     8.77887374040253     -5.390224094173081     -999     -999     4.4639259630057495
472     0     -999     32232     4     350.79692896057065     -2.5495232418727     -999     -999     4.173892210004851
473     0     -999     4746     4     122.31927602368944     8.899395968989108     -999     -999     3.9387963459885214
474     1     0.0012102553981473225     2588     6     247.7346677144291     -7.829224447481646     247.73420070287668     -7.830464683133521     3.9560257389966864
475     -1     -999     7068     1     30.066816477263785     6.913630418619963     -999     -999     -999
476     1     0.0024329880066138333     10277     10     272.68274015891114     1.6871667221748499     272.6837352337656     1.6848671135620492     0.24099674599710852
477     -1     -999     34052     3     29.411277281745004     -0.37573328032095166     -999     -999     -999
478     0     -999     24194     8     96.75331380990254     -4.123805101357686     -999     -999     21.06907379400218
479     0     -999     32334     4     133.28559655892167     -1.239818755470966     -999     -999     4.986060560011538
480     -1     -999     16940     0     258.69095507492625     -8.587672236887524     -999     -999     -999
481     -1     -999     23322     3     165.67896873687198     4.380868366703364     -999     -999     -999
482     0     -999     22302     4     3.46518989835072     -4.085668168115073     -999     -999     4.331202298984863
483     -1     -999     32033     2     239.17324420489086     1.9202359820103094     -999     -999     -999
484     -1     -999     21749     3     302.49640764087434     -7.548087237893008     -999     -999     -999
485     0     -999     30691     5     109.83908879996844     -1.9268812865032892     -999     -999     6.031693946017185
486     -1     -999     3203     2     183.9525967970313     9.124835682786221     -999     -999     -999
487     0     -999     9570     4     212.74514973568458     10.525753630165742     -999     -999     4.53528994199587
488     0     -999     20093     5     249.3847690090821     -7.569497527794983     -999     -999     6.579911212989828
489     1     0.0033453243371350094     4779     7     276.84660250239807     -3.774131374419576     276.84518806863383     -3.7772720524178593     4.080541642004391
490     1     0.0005295563765348184     24975     6     234.1959122645674     0.14630859545487765     234.19542343577342     0.14582327732729367     4.361711899022339
491     0     -999     22806     5     288.6015854929574     3.0314465931026615     -999     -999     6.8295341540069785
492     0     -999     12825     5     316.66952116304776     1.0305766041532032     -999     -999     6.391159157996299
493     -1     -999     17774     3     51.56377896346828     -5.648461255287441     -999     -999     -999
494     -1     -999     26239     3     8.940889481154768     0.8370965999071869     -999     -999     -999
495     -1     -999     3635     3     15.249335652076669     -2.9243072160097587     -999     -999     -999
496     -1     -999     19101     0     7.218572705064775     -6.197048724528472     -999     -999     -999
497     1     0.000790783874882625     27270     6     56.24109925514453     -0.2727396542609026     56.240551637702815     -0.2734924868141356     4.043666795012541
498     0     -999     12451     5     112.16952615182518     7.284140569925527     -999     -999     5.734340207010973
499     0     -999     5589     4     190.76872632333112     -9.547591580377158     -999     -999     4.4352319090103265
500     -1     -999     35778     2     112.37439648675196     -0.8110264081648456     -999     -999     -999
501     -1     -999     14284     3     323.6518841409315     -3.2376944349327483     -999     -999     -999
502     1     0.0003182885902095064     5244     7     127.77546376773446     -7.92639113916407     127.77536585017103     -7.926724545371754     6.616937234997749
503     0     -999     26932     4     126.84255069052924     -1.5867896950006983     -999     -999     4.469342861993937
504     -1     -999     19400     2     227.91079597107247     2.3251265247803645     -999     -999     -999
505     -1     -999     6552     3     258.9094636634777     6.650484826796272     -999     -999     -999
506     -1     -999     7863     2     157.44623855136592     13.681544375306357     -999     -999     -999
507     0     -999     37064     4     127.25652982982275     -1.3953989180433997     -999     -999     4.5877868050010875
508     1     0.00018004855798559814     8067     6     56.27838823459104     -11.66484651056489     56.27858992089049     -11.665003977859191     4.456281033024425
509     0     -999     36193     5     93.12537598771745     1.760019134298102     -999     -999     6.541990894009359
510     -1     -999     28613     3     261.57390468866964     3.7357561041359175     -999     -999     -999
511     0     -999     13072     4     253.22349386299794     6.437043141605246     -999     -999     4.491172081994591
512     -1     -999     14381     1     212.78680507791154     6.908020296524074     -999     -999     -999
513     1     0.00011781356445519834     10413     8     38.48614606052897     9.005942561065554     38.48675346039128     9.005808449586894     4.013453775987728
514     0     -999     36836     5     36.832962926645095     -1.8808488638069865     -999     -999     6.074717817973578
515     -1     -999     19121     2     149.87512264373783     0.8042558123436143     -999     -999     -999
516     0     -999     24916     5     213.9414550849659     0.7886584863075545     -999     -999     8.21379747899482
517     -1     -999     12784     0     225.56924117940255     9.181772400955792     -999     -999     -999
518     0     -999     7483     4     333.9460436440232     -2.447735670695766     -999     -999     4.03872076200787
519     0     -999     35817     4     230.8617757791069     -1.7046460464951652     -999     -999     4.512473228009185
520     -1     -999     10714     3     15.627875260902098     0.2388114951548857     -999     -999     -999
521     0     -999     35674     5     285.6406568312198     1.5391921717844421     -999     -999     5.085504628979834
522     0     -999     28811     4     62.566862845903664     -0.8371354538984862     -999     -999     4.1519699709897395
523     1     0.00030102493821463505     18693     6     176.26982150900514     7.111657435701797     176.26961645355837     7.111372849363814     4.227390120999189
524     -1     -999     32694     2     64.18712625310474     -0.10117863043064028     -999     -999     -999
525     -1     -999     35735     1     331.5537506753146     2.173817378531307     -999     -999     -999
526     1     0.0012781620695681772     32597     6     227.57622798193339     0.4183266240195557     227.5764441639024     0.41705877636978816     3.9532531020231545
527     0     -999     29757     4     354.73427002730114     3.806453205784666     -999     -999     4.249852993991226
528     0     -999     26471     6     331.5556373397895     -4.4663450010565295     -999     -999     8.283037412009435
529     1     0.000610295745830998     23985     9     277.77362521611144     5.173671028545318     277.77347098105736     5.17306312455633     4.563270562008256
530     -1     -999     3681     2     121.27879646788078     -8.346822761905008     -999     -999     -999
531     0     -999     10488     5     14.167494585515952     7.637614423924254     -999     -999     5.489709788002074
532     0     -999     25210     4     341.52342750542056     -4.599983169754758     -999     -999     4.707635674014455
533     -1     -999     955     2     173.31108779667323     -8.826703030486492     -999     -999     -999
534     1     0.0001837872248762347     18866     9     133.96199773081787     6.026387166350529     133.96112629339504     6.026113585813856     4.061754686001223
535     0     -999     15288     5     211.7569062444233     -5.59984751504803     -999     -999     8.227667186991312
536     -1     -999     23767     1     15.790096591209956     -5.034336031291198     -999     -999     -999
537     0     -999     26598     4     2.594935354278649     -4.7548997330989495     -999     -999     4.442141084000468
538     0     -999     32673     5     230.605747126218     -0.43764144671567057     -999     -999     5.794945475994609
539     0     -999     9074     4     279.59427172626124     -10.405571967475403     -999     -999     4.781879510002909
540     0     -999     17030     6     61.57542424044788     5.389542998645099     -999     -999     5.701638315018499
541     0     -999     12327     6     296.2830866887818     -8.869033082552324     -999     -999     5.40394271799596
542     1     0.002235761952796242     1652     9     269.45819110102633     3.0149910619835483     269.4586262900816     3.012652539493219     4.00030458800029
543     -1     -999     33380     3     158.71618902111786     3.8035725682727657     -999     -999     -999
544     0     -999     4302     5     186.5428895948066     -5.3314973339031795     -999     -999     4.861610256019048
545     -1     -999     30444     2     209.95487875473228     4.2906829938392415     -999     -999     -999
546     1     0.0006699863751428164     33592     7     346.084533972461     -4.195353619969674     346.0861114750748     -4.196070006763228     4.296263926982647
547     1     0.0041067320300169075     8554     6     158.55048001760193     -11.752904754322692     158.552024228934     -11.756902520154515     4.165667533990927
